3786 6798 10061 13324 12769 8746 4723 1196
3787 7050 10062 13325 13007 8747 4724 1197
4039 7051 10063 13326 13008 8748 4972 1446
4039 7052 10315 13327 13009 8749 4973 1446
4291 7304 10316 13328 13010 8993 5221 1695
4292 7305 10317 13329 13011 8994 5222 1696
4544 7306 10318 13330 13012 8995 5222 1944
4545 7557 10319 13331 13013 8996 5469 1945
4797 7558 10571 13332 13014 9239 5470 2193
4798 7810 10572 13333 13015 9240 5471 2194
5050 7811 10573 13334 13016 9241 5717 2443
5050 7812 10574 13335 13017 9242 5718 2444
5302 8064 10826 13587 13018 9243 5719 2692
5303 8065 10827 13588 13019 9486 5966 2693
5555 8066 10828 13589 13246 9487 5967 2941
5556 8318 10829 13590 13247 9488 6214 2942
5808 8319 10830 13591 13248 9489 6215 3190
5809 8320 11082 13592 13249 9733 6216 3191
6060 8572 11083 13593 13250 9733 6463 3440
6061 8573 11083 13594 13250 9734 6463 3441
6313 8825 11084 13595 13251 9735 6464 3689
6314 8825 11336 13596 13252 9736 6711 3690
6566 8826 11337 13597 13253 9980 6712 3938
6567 9078 11338 13598 13254 9981 6713 3939
6819 9079 11339 13599 13255 9982 6960 4188
6820 9080 11340 13851 13256 9983 6961 4188
7071 9332 11592 13852 13257 10226 7208 4437
7072 9333 11593 13853 13483 10227 7209 4438
7324 9334 11594 13854 13484 10228 7210 4686
7325 9586 11595 13855 13485 10229 7456 4687
7577 9587 11847 13856 13486 10230 7457 4935
7578 9839 11848 13857 13487 10473 7458 4936
7830 9840 11849 13858 13488 10474 7705 5185
7830 9841 11850 13859 13489 10475 7705 5185
8082 10093 12102 13860 13490 10476 7706 5434
8083 10094 12103 13861 13491 10719 7954 5435
8335 10094 12104 13862 13492 10720 7955 5683
8336 10346 12105 13863 13493 10721 8202 5684
8588 10347 12106 13864 13494 10722 8203 5932
8589 10348 12358 14116 13495 10723 8204 5933
8841 10600 12359 14117 13496 10966 8450 6182
8841 10601 12360 14118 13721 10967 8451 6183
9093 10853 12361 14119 13722 10968 8452 6431
9094 10854 12613 14120 13723 10969 8699 6432
9346 10855 12614 14121 13724 11212 8700 6680
9347 11107 12615 14122 13725 11213 8947 6681
9599 11108 12616 14123 13726 11214 8948 6930
9600 11109 12617 14124 13727 11215 8949 6930
9851 11361 12869 14125 13728 11216 9196 7179
9852 11362 12870 14126 13729 11459 9197 7180
10104 11362 12871 14127 13730 11460 9197 7428
10105 11614 12872 14128 13731 11461 9444 7429
10357 11615 13124 14380 13732 11462 9445 7677
10358 11867 13125 14381 13733 11705 9446 7678
10610 11868 13126 14382 13958 11706 9693 7927
10610 11869 13127 14383 13959 11707 9694 7927
10862 12121 13128 14384 13960 11708 9941 8176
10863 12122 13380 14385 13961 11709 9942 8177
11115 12123 13381 14386 13962 11953 9943 8425
11116 12375 13381 14387 13963 11953 10189 8426
11368 12376 13382 14388 13964 11954 10190 8674
11369 12628 13634 14389 13965 11955 10191 8675
11621 12629 13635 14390 13966 12199 10438 8924
11621 12630 13636 14391 13967 12200 10439 8925
11873 12882 13637 14392 13968 12201 10439 9173
11874 12882 13638 14644 13969 12202 10687 9174
12126 12883 13890 14645 13970 12203 10688 9422
12127 13135 13891 14646 13971 12446 10935 9423
12379 13136 13892 14647 14196 12447 10936 9671
12380 13137 13893 14648 14197 12448 10937 9672
12631 13389 14145 14649 14198 12449 11183 9921
12632 13390 14146 14650 14199 12692 11184 9922
12884 13642 14147 14651 14200 12693 11185 10170
12885 13643 14148 14652 14201 12694 11431 10171
13137 13644 14149 14653 14202 12695 11432 10419
13138 13896 14401 14654 14203 12696 11433 10420
13390 13897 14402 14655 14204 12939 11680 10669
13391 13898 14403 14656 14205 12940 11681 10669
13642 14150 14404 14657 14206 12941 11929 10918
13643 14150 14656 14909 14207 12942 11930 10919
13895 14151 14657 14910 14208 13185 11931 11167
13896 14403 14658 14911 14434 13186 12177 11168
14148 14404 14659 14912 14435 13187 12178 11416
14149 14656 14660 14913 14436 13188 12179 11417
14401 14657 14912 14914 14437 13189 12425 11666
14401 14658 14913 14915 14438 13432 12426 11666
14653 14910 14914 14916 14439 13433 12427 11915
14654 14911 14915 14917 14440 13434 12674 11916
14906 14912 15167 14918 14441 13435 12675 12164
14907 15164 15168 14919 14442 13678 12922 12165
15159 15165 15169 14920 14443 13679 12923 12413
15160 15166 15170 14921 14444 13680 12924 12414
15412 15418 15171 15173 14445 13681 13171 12663
15412 15419 15423 15174 14446 13682 13172 12664
15664 15670 15424 15175 14671 13925 13173 12912
15665 15671 15425 15176 14672 13926 13420 12913
15917 15672 15426 15177 14673 13927 13421 13161
15918 15924 15678 15178 14674 13928 13668 13162
16170 15925 15679 15179 14675 14172 13669 13410
16171 15926 15679 15180 14676 14173 13670 13411
16422 16178 15680 15181 14677 14173 13916 13660
16423 16179 15681 15182 14678 14174 13917 13661
16675 16180 15933 15183 14679 14175 13918 13909
16676 16432 15934 15184 14680 14419 14164 13910
16928 16433 15935 15185 14681 14420 14165 14158
16929 16685 15936 15186 14682 14421 14166 14159
17181 16686 16188 15438 14683 14422 14414 14408
17182 16687 16189 15439 14684 14665 14415 14408
17433 16938 16190 15440 14909 14666 14662 14657
17434 16939 16191 15441 14910 14667 14663 14658
17686 16940 16192 15442 14911 14668 14664 14906
17687 17192 16444 15443 14912 14669 14910 14907
17939 17193 16445 15444 14913 14912 14911 15155
17940 17445 16446 15445 14914 14913 14912 15156
18192 17446 16447 15446 14915 14914 15158 15405
18192 17447 16699 15447 14916 14915 15159 15405
18444 17699 16700 15448 14917 15158 15160 15654
18445 17700 16701 15449 14918 15159 15407 15655
18697 17701 16702 15450 14919 15160 15408 15903
18698 17953 16703 15702 14920 15161 15656 15904
18950 17954 16955 15703 14921 15162 15656 16152
18951 17955 16956 15704 15146 15405 15657 16153
19203 18206 16957 15705 15147 15406 15904 16402
19203 18207 16958 15706 15148 15407 15905 16403
19455 18459 17210 15707 15149 15408 15906 16651
19456 18460 17211 15708 15150 15651 16152 16652
19708 18461 17212 15709 15151 15652 16153 16900
19709 18713 17213 15710 15152 15653 16154 16901
19961 18714 17214 15711 15153 15654 16401 17149
19962 18715 17466 15712 15154 15655 16402 17150
20213 18967 17467 15713 15155 15898 16649 17399
20214 18968 17468 15714 15156 15899 16650 17400
20466 18969 17469 15966 15157 15900 16651 17648
20467 19221 17721 15967 15158 15901 16898 17649
20719 19222 17722 15968 15159 16144 16898 17897
20720 19474 17723 15969 15384 16145 16899 17898
20972 19475 17724 15970 15385 16146 17146 18147
20973 19475 17725 15971 15386 16147 17147 18147
21224 19727 17977 15972 15387 16148 17148 18396
21225 19728 17977 15973 15388 16392 17395 18397
21477 19729 17978 15974 15389 16393 17396 18645
21478 19981 17979 15975 15390 16393 17643 18646
21730 19982 18231 15976 15391 16394 17644 18894
21731 19983 18232 15977 15392 16638 17645 18895
21983 20235 18233 15978 15393 16639 17891 19144
21983 20236 18234 15979 15394 16640 17892 19144
22235 20488 18235 16231 15395 16641 17893 19393
22236 20489 18487 16232 15396 16642 18140 19394
22488 20490 18488 16233 15622 16885 18141 19642
22489 20742 18489 16234 15623 16886 18389 19643
22741 20743 18490 16235 15624 16887 18390 19891
22742 20743 18742 16236 15625 16888 18390 19892
22994 20995 18743 16237 15626 17131 18637 20141
22994 20996 18744 16238 15627 17132 18638 20142
23246 20997 18745 16239 15628 17133 18639 20390
23247 21249 18746 16240 15629 17134 18885 20391
23499 21250 18998 16241 15630 17135 18886 20639
23500 21502 18999 16242 15631 17378 18887 20640
23752 21503 19000 16243 15632 17379 19134 20889
23753 21504 19001 16495 15633 17380 19135 20889
24004 21756 19253 16496 15634 17381 19382 21139
24005 21757 19254 16497 15859 17624 19383 21388
24257 21758 19255 16498 15860 17625 19384 21389
24258 22010 19256 16499 15861 17626 19631 21637
24510 22011 19257 16500 15862 17627 19632 21638
24511 22263 19509 16501 15863 17628 19632 21886
24763 22263 19510 16502 15864 17871 19879 21887
24763 22264 19511 16503 15865 17872 19880 22136
25015 22516 19512 16504 15866 17873 19881 22137
25016 22517 19764 16505 15867 17874 20128 22385
25268 22518 19765 16506 15868 18118 20129 22386
25269 22770 19766 16507 15869 18119 20376 22634
25521 22771 19767 16508 15870 18120 20377 22635
25522 22772 19768 16760 15871 18121 20378 22884
25774 23024 20020 16761 15872 18364 20624 22884
25774 23025 20021 16762 16097 18365 20625 23133
26026 23277 20022 16763 16098 18366 20626 23134
26027 23278 20023 16764 16099 18367 20873 23382
26279 23279 20275 16764 16100 18368 20873 23383
26280 23531 20275 16765 16101 18612 20874 23631
26532 23531 20276 16766 16102 18613 21122 23632
26533 23532 20277 16767 16103 18613 21123 23881
26784 23784 20278 16768 16104 18614 21370 23881
26785 23785 20530 16769 16105 18858 21371 24130
27037 23786 20531 16770 16106 18859 21372 24131
27038 24038 20532 16771 16107 18860 21618 24379
27290 24039 20533 17023 16108 18861 21619 24380
27291 24291 20785 17024 16109 18862 21620 24628
27543 24292 20786 17025 16336 19105 21866 24629
27544 24293 20787 17026 16337 19106 21867 24878
27795 24545 20788 17027 16338 19107 21868 24879
27796 24546 20789 17028 16339 19108 22115 25127
28048 24547 21041 17029 16340 19351 22116 25128
28049 24799 21042 17030 16341 19352 22364 25376
28301 24800 21043 17031 16342 19353 22365 25377
28302 24800 21044 17032 16343 19354 22366 25625
28554 25052 21296 17033 16344 19355 22612 25626
28554 25053 21297 17034 16345 19599 22613 25875
28806 25305 21298 17035 16346 19600 22614 25876
28807 25306 21299 17287 16347 19601 22862 26125
